local library = loadstring(game:HttpGet("https://raw.githubusercontent.com/GreenDeno/Venyx-UI-Library/main/source.lua"))()
local venyx = library.new("ROGUE MASTER GUI [ADMIN]", 5013109572)
    local themes = {
    Background = Color3.fromRGB(24, 24, 24),
    Glow = Color3.fromRGB(0, 0, 0),
    Accent = Color3.fromRGB(10, 10, 10),      --GUI Color When Load
    LightContrast = Color3.fromRGB(255, 0, 0),
    DarkContrast = Color3.fromRGB(14, 14, 14),  
    TextColor = Color3.fromRGB(255, 255, 255)
    }
    local notifSound = Instance.new("Sound",workspace)
    notifSound.PlaybackSpeed = 1.05
    notifSound.Volume = 0.5
    notifSound.SoundId = "rbxassetid://8282140022" --Load In Intro
    notifSound.PlayOnRemove = true
    notifSound:Destroy()
    wait(0)

local page = venyx:addPage("Home", 5012544693) --Home
local section1 = page:addSection("Main UI")

section1:addToggle("FPS (BAD LOOKING)", nil, function(value)
    workspace:FindFirstChildOfClass('Terrain').WaterWaveSize = 0 workspace:FindFirstChildOfClass('Terrain').WaterWaveSpeed = 0 workspace:FindFirstChildOfClass('Terrain').WaterReflectance = 0 workspace:FindFirstChildOfClass('Terrain').WaterTransparency = 0 game:GetService("\76\105\103\104\116\105\110\103").GlobalShadows = false game:GetService("\76\105\103\104\116\105\110\103").FogEnd = 9e9 settings().Rendering.QualityLevel = 1 for i,v in pairs(game:GetDescendants()) do if v:IsA("\80\97\114\116") or v:IsA("\85\110\105\111\110\79\112\101\114\97\116\105\111\110") or v:IsA("\77\101\115\104\80\97\114\116") or v:IsA("\67\111\114\110\101\114\87\101\100\103\101\80\97\114\116") or v:IsA("\84\114\117\115\115\80\97\114\116") then v.Material = "\80\108\97\115\116\105\99" v.Reflectance = 0 elseif v:IsA("\68\101\99\97\108") then v.Transparency = 1 elseif v:IsA("\80\97\114\116\105\99\108\101\69\109\105\116\116\101\114") or v:IsA("\84\114\97\105\108") then v.Lifetime = NumberRange.new(0) elseif v:IsA("\69\120\112\108\111\115\105\111\110") then v.BlastPressure = 1 v.BlastRadius = 1 end end for i,v in pairs(game:GetService("\76\105\103\104\116\105\110\103"):GetDescendants()) do if v:IsA("\66\108\117\114\69\102\102\101\99\116") or v:IsA("\83\117\110\82\97\121\115\69\102\102\101\99\116") or v:IsA("\67\111\108\111\114\67\111\114\114\101\99\116\105\111\110\69\102\102\101\99\116") or v:IsA("\66\108\111\111\109\69\102\102\101\99\116") or v:IsA("\68\101\112\116\104\79\102\70\105\101\108\100\69\102\102\101\99\116") then v.Enabled = false end end
end)

section1:addButton("Cut Throat (CANT BUY)", function()
    game:GetService("\82\101\112\108\105\99\97\116\101\100\83\116\111\114\97\103\101").GameEvents.Gameplay.Taunt:FireServer("\80\108\97\121", "\67\117\116\84\104\114\111\97\116")
end)

section1:addButton("GodMode (ServerSide)", function()
    function m() repeat wait() until (game.Players.LocalPlayer.Character and not game.Players.LocalPlayer.Character:FindFirstChild("\70\111\114\99\101\70\105\101\108\100")) local n = getsenv(game.Players.LocalPlayer.PlayerGui.GameUI.ClientMaster.ClientDamageMaster) n.EnvironmentDamage(game.Players.LocalPlayer.Character, game.Players.LocalPlayer.Character.Humanoid, -math.huge, "\75\105\108\108\69\102\102\101\99\116") end if game.Players.LocalPlayer.Character and game.Players.LocalPlayer.Character:FindFirstChild("\72\117\109\97\110\111\105\100") and game.Players.LocalPlayer.Character.Humanoid.Health > 0 then m() end game.Players.LocalPlayer.CharacterAdded:connect(m)
end)


section1:addButton("AdminKnife (1M gems)", function()
    game:GetService("\82\101\112\108\105\99\97\116\101\100\83\116\111\114\97\103\101").GameEvents.Misk.ItemPurchase:FireServer("\65\100\109\105\110\75\110\105\102\101")
end)

section1:addTextbox("Notification", "Default", function(value, focusLost)
print("Input", value)

if focusLost then
venyx:Notify("Title", value)
end
end)

section1:addSlider("WalkSpeed", 16, 0, 100, function(t)
    game.Players.LocalPlayer.Character.Humanoid.WalkSpeed = t
end)

section1:addSlider("JumpPower", 36, 0, 150, function(t)
    game.Players.LocalPlayer.Character.Humanoid.JumpPower = t
end)

local page = venyx:addPage("Misc", 6157200594) --Misc
local section1 = page:addSection("Hacks")
section1:addButton("SpamKnife", function()
    local CoreGui = game:GetService("StarterGui")

            CoreGui:SetCore("SendNotification", {
                Title = "Notification",
                Text = "Spam knife enabled. Click E to start spam knife. Equipped the knife to disable spam knife.",
                Duration = 5
            })

                local mouse = game.Players.LocalPlayer:GetMouse()
                mouse.KeyDown:Connect(
                    function(key)
                        if key == "e" then
                            while true do
                                wait()
                                local env =
                                    getsenv(workspace[game.Players.LocalPlayer.Name].Knife.KnifeServer.KnifeClient)
                                env.TriggerWeapon(
                                    {
                                        AttackType = "KnifeThrow",
                                        ThrowCharge = 0.01
                                    }
                                )
                            end
                        end
                    end
                )
end)

section1:addButton("Aimbot", function()
local n = game:GetService("\87\111\114\107\115\112\97\99\101").CurrentCamera local s = game:GetService("\80\108\97\121\101\114\115") local t = game:GetService("\80\108\97\121\101\114\115").LocalPlayer local function m() local q = nil local r = math.huge for i, v in pairs(s.GetPlayers(s)) do if v ~= t and v.Character and v.Character.FindFirstChild(v.Character, "\72\117\109\97\110\111\105\100\82\111\111\116\80\97\114\116") then local b = (t.Character.HumanoidRootPart.Position - v.Character.HumanoidRootPart.Position).Magnitude if b < r then r = b q = v end end end if q then return q end end local j = getrawmetatable(game) local l = j.__namecall setreadonly(j, false) j.__namecall = newcclosure(function(object, ...) local o = getnamecallmethod() local h = {...} if tostring(o) == "\70\105\110\100\80\97\114\116\79\110\82\97\121\87\105\116\104\73\103\110\111\114\101\76\105\115\116" then local q = m() if q and q.Character then h[1] = Ray.new(n.CFrame.Position, (q.Character.Head.Position - n.CFrame.Position).Unit * (n.CFrame.Position - q.Character.Head.Position).Magnitude) end end return l(object, unpack(h)) end) setreadonly(j, true)
end)

section1:addButton("GodMode", function()
function m() repeat wait() until (game.Players.LocalPlayer.Character and not game.Players.LocalPlayer.Character:FindFirstChild("\70\111\114\99\101\70\105\101\108\100")) local n = getsenv(game.Players.LocalPlayer.PlayerGui.GameUI.ClientMaster.ClientDamageMaster) n.EnvironmentDamage(game.Players.LocalPlayer.Character, game.Players.LocalPlayer.Character.Humanoid, -math.huge, "\75\105\108\108\69\102\102\101\99\116") end if game.Players.LocalPlayer.Character and game.Players.LocalPlayer.Character:FindFirstChild("\72\117\109\97\110\111\105\100") and game.Players.LocalPlayer.Character.Humanoid.Health > 0 then m() end game.Players.LocalPlayer.CharacterAdded:connect(m)
end)

section1:addButton("Bad GodMode", function()
    local m = game.Players.LocalPlayer while true do wait() if m.Character and m.Character:FindFirstChild("\72\117\109\97\110\111\105\100\82\111\111\116\80\97\114\116") then game.Workspace[m.Character.Name].CollisionParts:Destroy() end end
end)

local section1 = page:addSection("Admin Scripts")
section1:addButton("Infinite Yield", function()
    loadstring(game:HttpGet("https://raw.githubusercontent.com/EdgeIY/infiniteyield/master/source",true))()
end)

section1:addButton("CMD-X", function()
    loadstring(game:HttpGet("https://raw.githubusercontent.com/CMD-X/CMD-X/master/Source",true))()
end)

section1:addButton("Sorky Hub", function()
    return(function(i,a,a)local k=string.char;local e=string.sub;local n=table.concat;local p=math.ldexp;local o=getfenv or function()return _ENV end;local l=select;local g=unpack or table.unpack;local j=tonumber;local function m(h)local b,c,d="","",{}local f=256;local g={}for a=0,f-1 do g[a]=k(a)end;local a=1;local function i()local b=j(e(h,a,a),36)a=a+1;local c=j(e(h,a,a+b-1),36)a=a+b;return c end;b=k(i())d[1]=b;while a<#h do local a=i()if g[a]then c=g[a]else c=b..e(b,1,1)end;g[f]=b..e(c,1,1)d[#d+1],b,f=c,c,f+1 end;return table.concat(d)end;local j=m('23P23L27523L23V27626L26M26826D26Q26T26R26G26N26E23L27427526E26826K26C23L23Q27625L26T26T26P25I26C26T23L24G27626H27V26P26Q25724U24U26P26827E26C26B27H24V26A26M26K24U26R26826U24U25X25F26026R24Y25G26825027627523S27624323N27623K29127529529327524H29723L29523M23L24327529F27L28Y27429528Y29D27K29O29O29928Y29529N29U276');local a=(bit or bit32);local d=a and a.bxor or function(a,b)local c,d,e=1,0,10 while a>0 and b>0 do local f,e=a%2,b%2 if f~=e then d=d+c end a,b,c=(a-f)/2,(b-e)/2,c*2 end if a<b then a=b end while a>0 do local b=a%2 if b>0 then d=d+c end a,c=(a-b)/2,c*2 end return d end local function c(b,a,c)if c then local a=(b/2^(a-1))%2^((c-1)-(a-1)+1);return a-a%1;else local a=2^(a-1);return(b%(a+a)>=a)and 1 or 0;end;end;local a=1;local function b()local b,f,c,e=i(j,a,a+3);b=d(b,129)f=d(f,129)c=d(c,129)e=d(e,129)a=a+4;return(e*16777216)+(c*65536)+(f*256)+b;end;local function h()local b=d(i(j,a,a),129);a=a+1;return b;end;local function f()local b,c=i(j,a,a+2);b=d(b,129)c=d(c,129)a=a+2;return(c*256)+b;end;local function m()local d=b();local a=b();local e=1;local d=(c(a,1,20)*(2^32))+d;local b=c(a,21,31);local a=((-1)^c(a,32));if(b==0)then if(d==0)then return a*0;else b=1;e=0;end;elseif(b==2047)then return(d==0)and(a*(1/0))or(a*(0/0));end;return p(a,b-1023)*(e+(d/(2^52)));end;local p=b;local function q(b)local c;if(not b)then b=p();if(b==0)then return'';end;end;c=e(j,a,a+b-1);a=a+b;local b={}for a=1,#c do b[a]=k(d(i(e(c,a,a)),129))end return n(b);end;local a=b;local function n(...)return{...},l('#',...)end local function j()local i={};local d={};local a={};local k={[#{"1 + 1 = 111";"1 + 1 = 111";}]=d,[#{"1 + 1 = 111";"1 + 1 = 111";"1 + 1 = 111";}]=nil,[#{"1 + 1 = 111";"1 + 1 = 111";"1 + 1 = 111";{296;377;273;614};}]=a,[#{{239;230;793;757};}]=i,};local a=b()local e={}for c=1,a do local b=h();local a;if(b==1)then a=(h()~=0);elseif(b==3)then a=m();elseif(b==0)then a=q();end;e[c]=a;end;k[3]=h();for a=1,b()do d[a-1]=j();end;for j=1,b()do local a=h();if(c(a,1,1)==0)then local d=c(a,2,3);local g=c(a,4,6);local a={f(),f(),nil,nil};if(d==0)then a[3]=f();a[4]=f();elseif(d==1)then a[3]=b();elseif(d==2)then a[3]=b()-(2^16)elseif(d==3)then a[3]=b()-(2^16)a[4]=f();end;if(c(g,1,1)==1)then a[2]=e[a[2]]end if(c(g,2,2)==1)then a[3]=e[a[3]]end if(c(g,3,3)==1)then a[4]=e[a[4]]end i[j]=a;end end;return k;end;local function p(a,b,i)a=(a==true and j())or a;return(function(...)local f=a[1];local d=a[3];local a=a[2];local k=n local c=1;local e=-1;local m={};local j={...};local h=l('#',...)-1;local a={};local b={};for a=0,h do if(a>=d)then m[a-d]=j[a+1];else b[a]=j[a+#{"1 + 1 = 111";}];end;end;local a=h-d+1 local a;local d;while true do a=f[c];d=a[1];if d<=7 then if d<=3 then if d<=1 then if d==0 then do return end;else b[a[2]]();end;elseif d>2 then b[a[2]]=a[3];else local h;local m,l;local j;local d;b[a[2]]=i[a[3]];c=c+1;a=f[c];b[a[2]]=i[a[3]];c=c+1;a=f[c];d=a[2];j=b[a[3]];b[d+1]=j;b[d]=j[a[4]];c=c+1;a=f[c];b[a[2]]=a[3];c=c+1;a=f[c];b[a[2]]=(a[3]~=0);c=c+1;a=f[c];d=a[2]m,l=k(b[d](g(b,d+1,a[3])))e=l+d-1 h=0;for a=d,e do h=h+1;b[a]=m[h];end;c=c+1;a=f[c];d=a[2]b[d]=b[d](g(b,d+1,e))c=c+1;a=f[c];b[a[2]]();c=c+1;a=f[c];do return end;end;elseif d<=5 then if d>4 then b[a[2]]();else b[a[2]]=i[a[3]];end;elseif d>6 then b[a[2]]=i[a[3]];else local a=a[2]b[a]=b[a](g(b,a+1,e))end;elseif d<=11 then if d<=9 then if d>8 then local a=a[2]b[a]=b[a](g(b,a+1,e))else local d=a[2];local c=b[a[3]];b[d+1]=c;b[d]=c[a[4]];end;elseif d==10 then local d=a[2];local c=b[a[3]];b[d+1]=c;b[d]=c[a[4]];else b[a[2]]=(a[3]~=0);end;elseif d<=13 then if d>12 then local c=a[2]local d,a=k(b[c](g(b,c+1,a[3])))e=a+c-1 local a=0;for c=c,e do a=a+1;b[c]=d[a];end;else local c=a[2]local d,a=k(b[c](g(b,c+1,a[3])))e=a+c-1 local a=0;for c=c,e do a=a+1;b[c]=d[a];end;end;elseif d<=14 then b[a[2]]=(a[3]~=0);elseif d>15 then do return end;else b[a[2]]=a[3];end;c=c+1;end;end);end;return p(true,{},o())();end)(string.byte,table.insert,setmetatable);
end)

local section1 = page:addSection("Emotes")
section1:addButton("Cut Throat", function()
    game:GetService("\82\101\112\108\105\99\97\116\101\100\83\116\111\114\97\103\101").GameEvents.Gameplay.Taunt:FireServer("\80\108\97\121", "\67\117\116\84\104\114\111\97\116")
end)

section1:addButton("Chirimiru", function()
    game:GetService("\82\101\112\108\105\99\97\116\101\100\83\116\111\114\97\103\101").GameEvents.Gameplay.Taunt:FireServer("\80\108\97\121", "\67\104\105\114\105\109\105\114\117")
end)

section1:addButton("Dab", function()
    game:GetService("\82\101\112\108\105\99\97\116\101\100\83\116\111\114\97\103\101").GameEvents.Gameplay.Taunt:FireServer("\80\108\97\121", "\68\97\98")
end)

section1:addButton("KazotskyKick", function()
    game:GetService("\82\101\112\108\105\99\97\116\101\100\83\116\111\114\97\103\101").GameEvents.Gameplay.Taunt:FireServer("\80\108\97\121", "\75\97\122\111\116\115\107\121\75\105\99\107")
end)

section1:addButton("MeditationTaunt", function()
    game:GetService("\82\101\112\108\105\99\97\116\101\100\83\116\111\114\97\103\101").GameEvents.Gameplay.Taunt:FireServer("\80\108\97\121", "\77\101\100\105\116\97\116\105\111\110\84\97\117\110\116")
end)

section1:addButton("MoneyTaunt", function()
    game:GetService("\82\101\112\108\105\99\97\116\101\100\83\116\111\114\97\103\101").GameEvents.Gameplay.Taunt:FireServer("\80\108\97\121", "\77\111\110\101\121\84\97\117\110\116")
end)

section1:addButton("Self Destruct", function()
    game:GetService("\82\101\112\108\105\99\97\116\101\100\83\116\111\114\97\103\101").GameEvents.Gameplay.Taunt:FireServer("\80\108\97\121", "\83\101\108\102\68\101\115\116\114\117\99\116")
end)

section1:addButton("TPose", function()
    game:GetService("\82\101\112\108\105\99\97\116\101\100\83\116\111\114\97\103\101").GameEvents.Gameplay.Taunt:FireServer("\80\108\97\121", "\84\80\111\115\101")
end)

section1:addButton("Selfie", function()
    game:GetService("\82\101\112\108\105\99\97\116\101\100\83\116\111\114\97\103\101").GameEvents.Gameplay.Taunt:FireServer("\80\108\97\121", "\83\101\108\102\105\101")
end)

local page = venyx:addPage("Map", 7199724739) --Map Loader thing

local section1 = page:addSection("Map Voter [Basic]")
section1:addButton("Office [MAP]", function()
    game:GetService("ReplicatedStorage").GameEvents.Misk.SubmitMapVote:FireServer("Office")
end)

section1:addButton("Classic [MAP]", function()
    game:GetService("ReplicatedStorage").GameEvents.Misk.SubmitMapVote:FireServer("Classic")
end)

section1:addButton("Castle [MAP]", function()
    game:GetService("ReplicatedStorage").GameEvents.Misk.SubmitMapVote:FireServer("Castle")
end)

section1:addButton("Mountain Town [MAP]", function() --Map Loader
    game:GetService("ReplicatedStorage").GameEvents.Misk.SubmitMapVote:FireServer("MountainTown")
end)

local page = venyx:addPage("Gun & Knife", 7194280652) --Gun and Knifes
local section1 = page:addSection("Guns")

section1:addButton("DeathAWP (Gun)", function()
    game:GetService("\82\101\112\108\105\99\97\116\101\100\83\116\111\114\97\103\101").GameEvents.Misk.ItemPurchase:FireServer("\68\101\97\116\104\65\87\80")
end)

section1:addButton("RiotShotgun (Gun)", function()
    game:GetService("\82\101\112\108\105\99\97\116\101\100\83\116\111\114\97\103\101").GameEvents.Misk.ItemPurchase:FireServer("\82\105\111\116\83\104\111\116\103\117\110")
end)

section1:addButton("HellfireShotguns (Gun)", function()
    game:GetService("\82\101\112\108\105\99\97\116\101\100\83\116\111\114\97\103\101").GameEvents.Misk.ItemPurchase:FireServer("\72\101\108\108\102\105\114\101\83\104\111\116\103\117\110\115")
end)

section1:addButton("Korblox Berettas (Gun)", function()
    game:GetService("\82\101\112\108\105\99\97\116\101\100\83\116\111\114\97\103\101").GameEvents.Misk.ItemPurchase:FireServer("\75\111\114\98\108\111\120\66\101\114\101\116\116\97\115")
end)

local section1 = page:addSection("Knifes")

section1:addButton("The Reaper (Knife)", function()
    game:GetService("\82\101\112\108\105\99\97\116\101\100\83\116\111\114\97\103\101").GameEvents.Misk.ItemPurchase:FireServer("\82\101\97\112\101\114\75\110\105\102\101")
end)

section1:addButton("Crescendo (Knife)", function()
    game:GetService("\82\101\112\108\105\99\97\116\101\100\83\116\111\114\97\103\101").GameEvents.Misk.ItemPurchase:FireServer("\67\114\101\115\99\101\110\100\111")
end)

section1:addButton("DarkPiecemaker (Knife)", function()
    game:GetService("\82\101\112\108\105\99\97\116\101\100\83\116\111\114\97\103\101").GameEvents.Misk.ItemPurchase:FireServer("\68\97\114\107\80\105\101\99\101\109\97\107\101\114")
end)

section1:addButton("DragonLore (Knife)", function()
    game:GetService("\82\101\112\108\105\99\97\116\101\100\83\116\111\114\97\103\101").GameEvents.Misk.ItemPurchase:FireServer("\68\114\97\103\111\110\76\111\114\101")
end)

section1:addButton("EruptionKnife (Knife)", function()
    game:GetService("\82\101\112\108\105\99\97\116\101\100\83\116\111\114\97\103\101").GameEvents.Misk.ItemPurchase:FireServer("\69\114\117\112\116\105\111\110\75\110\105\102\101")
end)

section1:addButton("OverseerKnife (Knife)", function()
    game:GetService("\82\101\112\108\105\99\97\116\101\100\83\116\111\114\97\103\101").GameEvents.Misk.ItemPurchase:FireServer("\79\118\101\114\115\101\101\114\75\110\105\102\101")
end)

local page = venyx:addPage("Admin Pannel", 6031075938) --ADMIN PANNEL!
local section1 = page:addSection("Animations [FE SS]")
section1:addButton("Smoke [FE SS]", function()
    local g = game.Players.LocalPlayer local rqo = g.Character local fr = g:GetMouse() local kfr = rqo["\76\101\102\116\32\65\114\109"] local mk = rqo["\82\105\103\104\116\32\65\114\109"] local lmk = rqo["\76\101\102\116\32\76\101\103"] local b = rqo["\82\105\103\104\116\32\76\101\103"] local ablm = rqo.Head local gab = rqo.Torso local pg = rqo.Humanoid local frqo = game.Workspace.CurrentCamera local h_pg = rqo.HumanoidRootPart local _pg = false local dth_ = 0 local ndth = game:GetService("\76\105\103\104\116\105\110\103") local cndth = game:GetService("\82\117\110\83\101\114\118\105\99\101").RenderStepped local scn = "\66\111\110\103" math.randomseed(os.time()) pg.WalkSpeed = 8 Debounces = { CanPuff = true; CanJoke = true; Bong = true; Pipe = false; Blunt = false; NoIdl = false; on = false; } function c(ji, oji, _pg) return ji + (oji - ji)*_pg end function o(ji, oji, _pg) dot = ji:Dot(oji) if dot > 0.99999 or dot < -0.99999 then return _pg <= 0.5 and ji or oji else lmkfrq = math.acos(dot) return (ji*math.sin((1 - _pg)*lmkfrq) + oji*math.sin(_pg*lmkfrq)) / math.sin(lmkfrq) end end function qo(ji, oji, _pg) local isc, ay, az, a00, a01, a02, a10, a11, a12, a20, a21, a22 = ji:components() local jisc, by, bz, b00, b01, b02, b10, b11, b12, b20, b21, b22 = oji:components() local ojisc = c(Vector3.new(isc, ay, az), Vector3.new(jisc , by , bz), _pg) local qoj = o(Vector3.new(a00, a01, a02), Vector3.new(b00, b01, b02), _pg) local rqoj = o(Vector3.new(a10, a11, a12), Vector3.new(b10, b11, b12), _pg) local frq = o(Vector3.new(a20, a21, a22), Vector3.new(b20, b21, b22), _pg) local _pg = qoj:Dot(rqoj) if not (_pg < 0 or _pg == 0 or _pg > 0) then return CFrame.new() end return CFrame.new( ojisc.x, ojisc.y, ojisc.z, qoj.x, qoj.y, qoj.z, rqoj.x, rqoj.y, rqoj.z, frq.x, frq.y, frq.z) end function a(ji,oji) local mkf = Instance.new("\87\101\108\100",ji) mkf.Part0 = ji mkf.Part1 = oji return mkf end function lmkf(ji, oji) local lmkf = Instance.new("\87\101\108\100") lmkf.Name = "\87" lmkf.Part0 = ji lmkf.Part1 = oji lmkf.C0 = ji.CFrame:inverse() * oji.CFrame lmkf.Parent = ji return lmkf; end function dt(nd,cn,s) local blm = {nd.X,nd.Y,nd.Z,nd:toEulerAnglesXYZ()} local abl = {cn.X,cn.Y,cn.Z,cn:toEulerAnglesXYZ()} for blmkf,v in pairs(blm) do  blm[blmkf] = v+(abl[blmkf]-v)*s end return CFrame.new(blm[1],blm[2],blm[3]) * CFrame.Angles(select(4,unpack(blm))) end newWeld = function(h_p, th_, dth, ndt, cnd) local gabl = Instance.new("\87\101\108\100", th_) gabl.Part0 = h_p gabl.Part1 = th_ gabl.C0 = CFrame.new(dth, ndt, cnd) end newWeld(gab, kfr, -1.5, 0.5, 0) kfr.Weld.C1 = CFrame.new(0, 0.5, 0) newWeld(gab, mk, 1.5, 0.5, 0) mk.Weld.C1 = CFrame.new(0, 0.5, 0) newWeld(gab, ablm, 0, 1.5, 0) newWeld(gab, lmk, -0.5, -1, 0) lmk.Weld.C1 = CFrame.new(0, 1, 0) newWeld(gab, b, 0.5, -1, 0) b.Weld.C1 = CFrame.new(0, 1, 0) newWeld(h_pg, gab, 0, -1, 0) gab.Weld.C1 = CFrame.new(0, -1, 0) z = Instance.new("\83\111\117\110\100", game.Players.LocalPlayer.Character) z.SoundId = "\114\98\120\97\115\115\101\116\105\100\58\47\47\49\56\53\49\49\56\49\55\54" z.Looped = true z.Pitch = 1 z.Volume = 1 wait(1) z:Play() pa = Instance.new("\80\97\114\116", gab) pa.Name = "\70\97\116" pa.Transparency = 1 pa.CanCollide = false pa.Anchored = false pa.Locked = true pa.Size = Vector3.new(1,1,1) lmkf = Instance.new("\87\101\108\100", pa) lmkf.Part0 = pa lmkf.Part1 = gab lmkf.C0 = CFrame.new(0, 0, -1.5) lmkf.C1 = CFrame.new(0, 0, 0) * CFrame.Angles(math.rad(-50), math.rad(0), math.rad(0)) frqoji = Instance.new("\83\109\111\107\101", pa) frqoji.Color = Color3.new(1,1,1) frqoji.Opacity = 1 frqoji.RiseVelocity = 4 frqoji.Enabled = false local pga = Instance.new("\77\111\100\101\108") pga.Name = "\66\111\110\103" p1 = Instance.new("\80\97\114\116", pga) p1.Material = "\78\101\111\110" p1.BrickColor = BrickColor.new("\66\108\97\99\107") p1.Name = "\76\105\112" p1.FormFactor = Enum.FormFactor.Symmetric p1.Size = Vector3.new(1, 1, 1) p1.CFrame = CFrame.new(28.499649, 10.9996414, -11.4994812, -0.999972343, 6.21378422e-006, -0.00049701333, -0.000477582216, -5.70863485e-005, 0.999959588, -1.02631748e-005, 0.999939203, 2.50376761e-005) p1.CanCollide = false p1.Locked = true p1.BottomSurface = Enum.SurfaceType.Smooth p1.TopSurface = Enum.SurfaceType.Smooth b1 = Instance.new("\83\112\101\99\105\97\108\77\101\115\104", p1) b1.MeshId = "\104\116\116\112\58\47\47\119\119\119\46\114\111\98\108\111\120\46\99\111\109\47\97\115\115\101\116\47\63\105\100\61\51\50\55\48\48\49\55" b1.TextureId = "" b1.MeshType = Enum.MeshType.FileMesh b1.Name = "\77\101\115\104" p2 = Instance.new("\80\97\114\116", pga) p2.Material = "\78\101\111\110" p2.BrickColor = BrickColor.new("\69\97\114\116\104\32\103\114\101\101\110") p2.Material = Enum.Material.SmoothPlastic p2.Transparency = 0.20000000298023 p2.Name = "\84\117\98\101" p2.FormFactor = Enum.FormFactor.Symmetric p2.Size = Vector3.new(1, 3, 1) p2.CFrame = CFrame.new(28.4998627, 9.49954987, -11.4992342, 0.000220132133, -5.49961114e-005, 0.999972463, -7.23355697e-005, 0.999959707, 3.55862139e-005, -0.999939203, -0.000104385108, 0.000236587104) p2.CanCollide = false p2.Locked = true p2.BottomSurface = Enum.SurfaceType.Smooth p2.TopSurface = Enum.SurfaceType.Smooth b2 = Instance.new("\67\121\108\105\110\100\101\114\77\101\115\104", p2) b2.Name = "\77\101\115\104" p3 = Instance.new("\80\97\114\116", pga) p3.BrickColor = BrickColor.new("\69\97\114\116\104\32\103\114\101\101\110") p3.Name = "\68\101\118\105\108\39\115\32\76\101\116\116\117\99\101" p3.Size = Vector3.new(1, 1.20000005, 1) p3.CFrame = CFrame.new(27.1619816, 8.50439644, -11.4991903, 0.754621029, -0.656118929, 2.5186062e-005, 0.656095922, 0.754624128, -5.45315925e-005, 8.17945693e-006, 2.26873817e-005, 0.999939263) p3.CanCollide = false p3.Locked = true b3 = Instance.new("\83\112\101\99\105\97\108\77\101\115\104", p3) b3.MeshId = "\104\116\116\112\58\47\47\119\119\119\46\114\111\98\108\111\120\46\99\111\109\47\97\115\115\101\116\47\63\105\100\61\49\50\57\48\48\51\51" b3.TextureId = "\104\116\116\112\58\47\47\119\119\119\46\114\111\98\108\111\120\46\99\111\109\47\97\115\115\101\116\47\63\105\100\61\49\50\57\48\48\51\48" b3.MeshType = Enum.MeshType.FileMesh b3.VertexColor = Vector3.new(0.5, 70, 0) b3.Name = "\77\101\115\104" b3.Scale = Vector3.new(0.199999988, 0.199999988, 0.199999988) p4 = Instance.new("\80\97\114\116", pga) p4.BrickColor = BrickColor.new("\66\108\97\99\107") p4.Name = "\66\111\119\108" p4.FormFactor = Enum.FormFactor.Symmetric p4.Size = Vector3.new(1, 1, 1) p4.CFrame = CFrame.new(27.243679, 8.40425396, -11.4991856, -0.754621029, 0.656118929, 0.000100085585, -0.656095922, -0.754624128, 1.05888903e-005, 9.10690069e-005, -2.26873672e-005, 0.999939263) p4.CanCollide = false p4.Locked = true p4.BottomSurface = Enum.SurfaceType.Smooth p4.TopSurface = Enum.SurfaceType.Smooth b4 = Instance.new("\83\112\101\99\105\97\108\77\101\115\104", p4) b4.MeshId = "\104\116\116\112\58\47\47\119\119\119\46\114\111\98\108\111\120\46\99\111\109\47\97\115\115\101\116\47\63\105\100\61\49\57\51\56\48\49\56\56" b4.TextureId = "" b4.MeshType = Enum.MeshType.FileMesh b4.Name = "\77\101\115\104" b4.Scale = Vector3.new(0.400000006, 0.400000006, 0.400000006) p5 = Instance.new("\80\97\114\116", pga) p5.BrickColor = BrickColor.new("\66\108\97\99\107") p5.Material = Enum.Material.SmoothPlastic p5.Name = "\83\116\101\109" p5.FormFactor = Enum.FormFactor.Symmetric p5.Size = Vector3.new(1, 1, 1) p5.CFrame = CFrame.new(27.8998299, 7.64966011, -11.4992504, -0.754621029, -0.656118929, -3.68308465e-005, -0.656095922, 0.754624128, 4.44071593e-005, 7.25091377e-006, 2.26873672e-005, -0.999939263) p5.CanCollide = false p5.Locked = true p5.BottomSurface = Enum.SurfaceType.Smooth p5.TopSurface = Enum.SurfaceType.Smooth b5 = Instance.new("\67\121\108\105\110\100\101\114\77\101\115\104", p5) b5.Name = "\77\101\115\104" b5.Scale = Vector3.new(1, 1.79999995, 0.200000003) p6 = Instance.new("\80\97\114\116", pga) p6.Material = "\78\101\111\110" p6.BrickColor = BrickColor.new("\69\97\114\116\104\32\103\114\101\101\110") p6.Material = Enum.Material.SmoothPlastic p6.Transparency = 0.20000000298023 p6.Name = "\66\111\110\103" p6.FormFactor = Enum.FormFactor.Symmetric p6.Size = Vector3.new(1, 1, 1) p6.CFrame = CFrame.new(28.5000229, 7.34961605, -11.4990406, -0.000452600536, 0.00015476234, -0.999972343, -1.39447293e-005, 0.999959707, 0.000174246117, 0.999939203, -1.80333263e-005, -0.000469060004) p6.CanCollide = false p6.Locked = true p6.BottomSurface = Enum.SurfaceType.Smooth p6.TopSurface = Enum.SurfaceType.Smooth b6 = Instance.new("\83\112\101\99\105\97\108\77\101\115\104", p6) b6.MeshType = Enum.MeshType.Sphere b6.Name = "\77\101\115\104" b6.Scale = Vector3.new(1.79999995, 1.79999995, 1.79999995) p7 = Instance.new("\80\97\114\116", pga) p7.Material = "\78\101\111\110" p7.BrickColor = BrickColor.new("\80\97\115\116\101\108\32\66\108\117\101") p7.Material = Enum.Material.SmoothPlastic p7.Name = "\87\97\116\101\114" p7.FormFactor = Enum.FormFactor.Symmetric p7.Size = Vector3.new(1, 1, 1) p7.CFrame = CFrame.new(28.5000248, 7.25962019, -11.4990396, -0.000452600565, 0.000154762354, -0.999972343, -1.39616022e-005, 0.999959707, 0.000174246117, 0.999939322, -1.80501975e-005, -0.000469060033) p7.CanCollide = false p7.Locked = true p7.BottomSurface = Enum.SurfaceType.Smooth p7.TopSurface = Enum.SurfaceType.Smooth b7 = Instance.new("\83\112\101\99\105\97\108\77\101\115\104", p7) b7.MeshType = Enum.MeshType.Sphere b7.Name = "\77\101\115\104" b7.Scale = Vector3.new(1.5999999, 1.39999986, 1.5999999) w1 = Instance.new("\87\101\108\100", p1) w1.Name = "\84\117\98\101\95\87\101\108\100" w1.Part0 = p1 w1.C0 = CFrame.new(28.505003, 11.5008535, -10.9858503, -0.999999881, -0.000485179946, -1.08338909e-007, -8.74227695e-008, -4.31100962e-005, 1, -0.000485179946, 0.999999881, 4.31100489e-005) w1.Part1 = p2 w1.C1 = CFrame.new(-11.5057898, -9.49978542, -28.4976711, 0.000226438046, -8.63153255e-005, -1, -4.31497574e-005, 1, -8.63251043e-005, 1, 4.31693043e-005, 0.000226438046) w2 = Instance.new("\87\101\108\100", p2) w2.Name = "\68\101\118\105\108\39\115\32\76\101\116\116\117\99\101\95\87\101\108\100" w2.Part0 = p2 w2.C0 = CFrame.new(-11.5057898, -9.49978542, -28.4976711, 0.000226438046, -8.63153255e-005, -1, -4.31497574e-005, 1, -8.63251043e-005, 1, 4.31693043e-005, 0.000226438046) w2.Part1 = p3 w2.C1 = CFrame.new(-26.0778522, 11.4040451, 11.4999485, 0.75464958, 0.656128049, 1.23602822e-005, -0.656128049, 0.75464958, 4.29936699e-005, 1.88816703e-005, -4.05550818e-005, 1) w3 = Instance.new("\87\101\108\100", p3) w3.Name = "\66\111\119\108\95\87\101\108\100" w3.Part0 = p3 w3.C0 = CFrame.new(-26.0778522, 11.4040451, 11.4999485, 0.75464958, 0.656128049, 1.23602822e-005, -0.656128049, 0.75464958, 4.29936699e-005, 1.88816703e-005, -4.05550818e-005, 1) w3.Part1 = p4 w3.C1 = CFrame.new(26.0749397, -11.5332241, 11.4973526, -0.75464958, -0.656128049, 8.68942152e-005, 0.656128049, -0.75464958, -4.29936554e-005, 9.37840305e-005, 2.45685878e-005, 1) w4 = Instance.new("\87\101\108\100", p4) w4.Name = "\83\116\101\109\95\87\101\108\100" w4.Part0 = p4 w4.C0 = CFrame.new(26.0749397, -11.5332241, 11.4973526, -0.75464958, -0.656128049, 8.68942152e-005, 0.656128049, -0.75464958, -4.29936554e-005, 9.37840305e-005, 2.45685878e-005, 1) w4.Part1 = p5 w4.C1 = CFrame.new(26.0740185, 12.5332232, -11.4995804, -0.75464958, -0.656128049, 3.07102709e-006, -0.656128049, 0.75464958, 4.29936554e-005, -3.05268914e-005, 3.04301557e-005, -1) w5 = Instance.new("\87\101\108\100", p5) w5.Name = "\66\111\110\103\95\87\101\108\100" w5.Part0 = p5 w5.C0 = CFrame.new(26.0740185, 12.5332232, -11.4995804, -0.75464958, -0.656128049, 3.07102709e-006, -0.656128049, 0.75464958, 4.29936554e-005, -3.05268914e-005, 3.04301557e-005, -1) w5.Part1 = p6 w5.C1 = CFrame.new(11.5130777, -7.35474873, 28.493494, -0.000458917581, 2.98023224e-008, 0.99999994, 0.000166644895, 1, 2.98023224e-008, -0.999999881, 0.000166644895, -0.000458917581) w6 = Instance.new("\87\101\108\100", p6) w6.Name = "\87\97\116\101\114\95\87\101\108\100" w6.Part0 = p6 w6.C0 = CFrame.new(11.5130777, -7.35474873, 28.493494, -0.000458917581, 2.98023224e-008, 0.99999994, 0.000166644895, 1, 2.98023224e-008, -0.999999881, 0.000166644895, -0.000458917581) w6.Part1 = p7 w6.C1 = CFrame.new(11.5130777, -7.26474905, 28.4935093, -0.000458917581, 2.98023224e-008, 0.99999994, 0.000166644895, 1, 2.98023224e-008, -0.999999881, 0.000166644895, -0.000458917581) w7 = Instance.new("\87\101\108\100", p7) w7.Name = "\72\101\97\100\95\87\101\108\100" w7.Part0 = p7 w7.C0 = CFrame.new(11.5130777, -7.26474905, 28.4935093, -0.000458917581, 2.98023224e-008, 0.99999994, 0.000166644895, 1, 2.98023224e-008, -0.999999881, 0.000166644895, -0.000458917581) pga.Parent = gab pga:MakeJoints() weld2 = Instance.new("\87\101\108\100", gab.Bong) weld2.Part0 = gab weld2.Part1 = gab.Bong.Tube weld2.C0 = CFrame.new(0, -.5, -1.5) weld2.C1 = CFrame.new(0, 0, 0) * CFrame.Angles(math.rad(0), math.rad(0), math.rad(0)) local _ = Instance.new("\77\111\100\101\108") _.Name = "\66\108\117\110\116" p1 = Instance.new("\80\97\114\116", _) p1.Transparency = 1 p1.BrickColor = BrickColor.new("\67\71\65\32\98\114\111\119\110") p1.Name = "\72\97\110\100\108\101" p1.FormFactor = Enum.FormFactor.Custom p1.Size = Vector3.new(0.400000006, 0.200000003, 0.200000003) p1.CFrame = CFrame.new(30.5498123, 9.24952984, -12.2989969, -6.35227434e-006, -1.18419912e-005, 0.999973059, -7.23406483e-005, 0.999959469, -7.5179214e-006, -0.999939501, -0.000104367107, 1.01497435e-005) p1.CanCollide = false p1.Locked = true p1.BottomSurface = Enum.SurfaceType.Smooth p1.TopSurface = Enum.SurfaceType.Smooth b1 = Instance.new("\83\112\101\99\105\97\108\77\101\115\104", p1) b1.MeshType = Enum.MeshType.Cylinder b1.Name = "\77\101\115\104" p2 = Instance.new("\80\97\114\116", _) p2.Transparency = 1 p2.BrickColor = BrickColor.new("\67\71\65\32\98\114\111\119\110") p2.Name = "\74\111\105\110\116\49\49" p2.FormFactor = Enum.FormFactor.Custom p2.Size = Vector3.new(0.200000003, 0.200000003, 0.200000003) p2.CFrame = CFrame.new(30.5498104, 9.24934578, -12.4989843, -6.35227434e-006, -1.18419912e-005, 0.999973059, -7.23406483e-005, 0.999959469, -7.5179214e-006, -0.999939501, -0.000104367107, 1.01497435e-005) p2.CanCollide = false p2.Locked = true p2.BottomSurface = Enum.SurfaceType.Smooth p2.TopSurface = Enum.SurfaceType.Smooth b2 = Instance.new("\83\112\101\99\105\97\108\77\101\115\104", p2) b2.MeshType = Enum.MeshType.Cylinder b2.Name = "\77\101\115\104" b2.Scale = Vector3.new(0.300000012, 1, 1) p3 = Instance.new("\80\97\114\116", _) p3.Transparency = 1 p3.BrickColor = BrickColor.new("\67\71\65\32\98\114\111\119\110") p3.Name = "\74\111\105\110\116\49\48" p3.FormFactor = Enum.FormFactor.Custom p3.Size = Vector3.new(0.200000003, 0.200000003, 0.200000003) p3.CFrame = CFrame.new(30.5498104, 9.24934673, -12.5489807, -6.35227434e-006, -1.18419912e-005, 0.999973059, -7.23406483e-005, 0.999959469, -7.5179214e-006, -0.999939501, -0.000104367107, 1.01497435e-005) p3.CanCollide = false p3.Locked = true p3.BottomSurface = Enum.SurfaceType.Smooth p3.TopSurface = Enum.SurfaceType.Smooth b3 = Instance.new("\83\112\101\99\105\97\108\77\101\115\104", p3) b3.MeshType = Enum.MeshType.Cylinder b3.Name = "\77\101\115\104" b3.Scale = Vector3.new(0.300000012, 1, 1) p4 = Instance.new("\80\97\114\116", _) p4.Transparency = 1 p4.BrickColor = BrickColor.new("\67\71\65\32\98\114\111\119\110") p4.Name = "\74\111\105\110\116\57" p4.FormFactor = Enum.FormFactor.Custom p4.Size = Vector3.new(0.200000003, 0.200000003, 0.200000003) p4.CFrame = CFrame.new(30.5498104, 9.24934673, -12.5989771, -6.35227434e-006, -1.18419912e-005, 0.999973059, -7.23406483e-005, 0.999959469, -7.5179214e-006, -0.999939501, -0.000104367107, 1.01497435e-005) p4.CanCollide = false p4.Locked = true p4.BottomSurface = Enum.SurfaceType.Smooth p4.TopSurface = Enum.SurfaceType.Smooth b4 = Instance.new("\83\112\101\99\105\97\108\77\101\115\104", p4) b4.MeshType = Enum.MeshType.Cylinder b4.Name = "\77\101\115\104" b4.Scale = Vector3.new(0.300000012, 1, 1) p5 = Instance.new("\80\97\114\116", _) p5.Transparency = 1 p5.BrickColor = BrickColor.new("\67\71\65\32\98\114\111\119\110") p5.Name = "\74\111\105\110\116\56" p5.FormFactor = Enum.FormFactor.Custom p5.Size = Vector3.new(0.200000003, 0.200000003, 0.200000003) p5.CFrame = CFrame.new(30.5498104, 9.24934769, -12.6489735, -6.35227434e-006, -1.18419912e-005, 0.999973059, -7.23406483e-005, 0.999959469, -7.5179214e-006, -0.999939501, -0.000104367107, 1.01497435e-005) p5.CanCollide = false p5.Locked = true p5.BottomSurface = Enum.SurfaceType.Smooth p5.TopSurface = Enum.SurfaceType.Smooth b5 = Instance.new("\83\112\101\99\105\97\108\77\101\115\104", p5) b5.MeshType = Enum.MeshType.Cylinder b5.Name = "\77\101\115\104" b5.Scale = Vector3.new(0.300000012, 1, 1) p6 = Instance.new("\80\97\114\116", _) p6.Transparency = 1 p6.BrickColor = BrickColor.new("\67\71\65\32\98\114\111\119\110") p6.Name = "\74\111\105\110\116\55" p6.FormFactor = Enum.FormFactor.Custom p6.Size = Vector3.new(0.200000003, 0.200000003, 0.200000003) p6.CFrame = CFrame.new(30.5498104, 9.24934769, -12.6989698, -6.35227434e-006, -1.18419912e-005, 0.999973059, -7.23406483e-005, 0.999959469, -7.5179214e-006, -0.999939501, -0.000104367107, 1.01497435e-005) p6.CanCollide = false p6.Locked = true p6.BottomSurface = Enum.SurfaceType.Smooth p6.TopSurface = Enum.SurfaceType.Smooth b6 = Instance.new("\83\112\101\99\105\97\108\77\101\115\104", p6) b6.MeshType = Enum.MeshType.Cylinder b6.Name = "\77\101\115\104" b6.Scale = Vector3.new(0.300000012, 1, 1) p7 = Instance.new("\80\97\114\116", _) p7.Transparency = 1 p7.BrickColor = BrickColor.new("\67\71\65\32\98\114\111\119\110") p7.Name = "\74\111\105\110\116\54" p7.FormFactor = Enum.FormFactor.Custom p7.Size = Vector3.new(0.200000003, 0.200000003, 0.200000003) p7.CFrame = CFrame.new(30.5498104, 9.24934864, -12.7489662, -6.35227434e-006, -1.18419912e-005, 0.999973059, -7.23406483e-005, 0.999959469, -7.5179214e-006, -0.999939501, -0.000104367107, 1.01497435e-005) p7.CanCollide = false p7.Locked = true p7.BottomSurface = Enum.SurfaceType.Smooth p7.TopSurface = Enum.SurfaceType.Smooth b7 = Instance.new("\83\112\101\99\105\97\108\77\101\115\104", p7) b7.MeshType = Enum.MeshType.Cylinder b7.Name = "\77\101\115\104" b7.Scale = Vector3.new(0.300000012, 1, 1) p8 = Instance.new("\80\97\114\116", _) p8.Transparency = 1 p8.BrickColor = BrickColor.new("\67\71\65\32\98\114\111\119\110") p8.Name = "\74\111\105\110\116\53" p8.FormFactor = Enum.FormFactor.Custom p8.Size = Vector3.new(0.200000003, 0.200000003, 0.200000003) p8.CFrame = CFrame.new(30.5498104, 9.24934864, -12.7989626, -6.35227434e-006, -1.18419912e-005, 0.999973059, -7.23406483e-005, 0.999959469, -7.5179214e-006, -0.999939501, -0.000104367107, 1.01497435e-005) p8.CanCollide = false p8.Locked = true p8.BottomSurface = Enum.SurfaceType.Smooth p8.TopSurface = Enum.SurfaceType.Smooth b8 = Instance.new("\83\112\101\99\105\97\108\77\101\115\104", p8) b8.MeshType = Enum.MeshType.Cylinder b8.Name = "\77\101\115\104" b8.Scale = Vector3.new(0.300000012, 1, 1) p9 = Instance.new("\80\97\114\116", _) p9.Transparency = 1 p9.BrickColor = BrickColor.new("\67\71\65\32\98\114\111\119\110") p9.Name = "\74\111\105\110\116\52" p9.FormFactor = Enum.FormFactor.Custom p9.Size = Vector3.new(0.200000003, 0.200000003, 0.200000003) p9.CFrame = CFrame.new(30.5498104, 9.24934959, -12.848959, -6.35227434e-006, -1.18419912e-005, 0.999973059, -7.23406483e-005, 0.999959469, -7.5179214e-006, -0.999939501, -0.000104367107, 1.01497435e-005) p9.CanCollide = false p9.Locked = true p9.BottomSurface = Enum.SurfaceType.Smooth p9.TopSurface = Enum.SurfaceType.Smooth b9 = Instance.new("\83\112\101\99\105\97\108\77\101\115\104", p9) b9.MeshType = Enum.MeshType.Cylinder b9.Name = "\77\101\115\104" b9.Scale = Vector3.new(0.300000012, 1, 1) p10 = Instance.new("\80\97\114\116", _) p10.Transparency = 1 p10.BrickColor = BrickColor.new("\67\71\65\32\98\114\111\119\110") p10.Name = "\74\111\105\110\116\51" p10.FormFactor = Enum.FormFactor.Custom p10.Size = Vector3.new(0.200000003, 0.200000003, 0.200000003) p10.CFrame = CFrame.new(30.5498104, 9.24934959, -12.8989553, -6.35227434e-006, -1.18419912e-005, 0.999973059, -7.23406483e-005, 0.999959469, -7.5179214e-006, -0.999939501, -0.000104367107, 1.01497435e-005) p10.CanCollide = false p10.Locked = true p10.BottomSurface = Enum.SurfaceType.Smooth p10.TopSurface = Enum.SurfaceType.Smooth b10 = Instance.new("\83\112\101\99\105\97\108\77\101\115\104", p10) b10.MeshType = Enum.MeshType.Cylinder b10.Name = "\77\101\115\104" b10.Scale = Vector3.new(0.300000012, 1, 1) p11 = Instance.new("\80\97\114\116", _) p11.Transparency = 1 p11.BrickColor = BrickColor.new("\67\71\65\32\98\114\111\119\110") p11.Name = "\74\111\105\110\116\51" p11.FormFactor = Enum.FormFactor.Custom p11.Size = Vector3.new(0.200000003, 0.200000003, 0.200000003) p11.CFrame = CFrame.new(30.5498104, 9.24935055, -12.9489517, -6.35227434e-006, -1.18419912e-005, 0.999973059, -7.23406483e-005, 0.999959469, -7.5179214e-006, -0.999939501, -0.000104367107, 1.01497435e-005) p11.CanCollide = false p11.Locked = true p11.BottomSurface = Enum.SurfaceType.Smooth p11.TopSurface = Enum.SurfaceType.Smooth b11 = Instance.new("\83\112\101\99\105\97\108\77\101\115\104", p11) b11.MeshType = Enum.MeshType.Cylinder b11.Name = "\77\101\115\104" b11.Scale = Vector3.new(0.300000012, 1, 1) p12 = Instance.new("\80\97\114\116", _) p12.Transparency = 1 p12.BrickColor = BrickColor.new("\67\71\65\32\98\114\111\119\110") p12.Name = "\74\111\105\110\116\50" p12.FormFactor = Enum.FormFactor.Custom p12.Size = Vector3.new(0.200000003, 0.200000003, 0.200000003) p12.CFrame = CFrame.new(30.5498104, 9.24935055, -12.9989481, -6.35227434e-006, -1.18419912e-005, 0.999973059, -7.23406483e-005, 0.999959469, -7.5179214e-006, -0.999939501, -0.000104367107, 1.01497435e-005) p12.CanCollide = false p12.Locked = true p12.BottomSurface = Enum.SurfaceType.Smooth p12.TopSurface = Enum.SurfaceType.Smooth b12 = Instance.new("\83\112\101\99\105\97\108\77\101